"year","quarter","month_number","month_name","total_sales","last_month_sales","mom_change","mom_pct_change"
2022,1,1,"January",542554.91,NULL,NULL,NULL
2022,1,2,"February",541351.65,542554.91,-1203.26,-0.22
2022,1,3,"March",589485.19,541351.65,48133.54,8.89
2022,2,4,"April",681072.98,589485.19,91587.79,15.54
2022,2,5,"May",672369.90,681072.98,-8703.08,-1.28
2022,2,6,"June",661980.22,672369.90,-10389.68,-1.55
2022,3,7,"July",556034.23,661980.22,-105945.99,-16.00
2022,3,8,"August",489422.73,556034.23,-66611.50,-11.98
2022,3,9,"September",585844.04,489422.73,96421.31,19.70
2022,4,10,"October",623874.39,585844.04,38030.35,6.49
2022,4,11,"November",661304.15,623874.39,37429.76,6.00
2022,4,12,"December",877203.69,661304.15,215899.54,32.65
2023,1,1,"January",747196.22,877203.69,-130007.47,-14.82
2023,1,2,"February",722632.19,747196.22,-24564.03,-3.29
2023,1,3,"March",883515.64,722632.19,160883.45,22.26
2023,2,4,"April",827691.07,883515.64,-55824.57,-6.32
2023,2,5,"May",825319.49,827691.07,-2371.58,-0.29
2023,2,6,"June",808299.25,825319.49,-17020.24,-2.06
2023,3,7,"July",828348.86,808299.25,20049.61,2.48
2023,3,8,"August",660877.07,828348.86,-167471.79,-20.22
2023,3,9,"September",658194.48,660877.07,-2682.59,-0.41
